1, 48 -6 2000;
2, 52 -6 1000;
3, 55 -6 500;
4, 60 -6 500;
5, 64 -6 500;
6, 55 -3 500;
7, 60 -3 500;
8, 64 -3 500;
9, 48 -6 2000;
10, 52 -6 1000;
11, 55 -6 500;
12, 60 -6 500;
13, 64 -6 500;
14, 55 -3 500;
15, 60 -3 500;
16, 64 -3 500;
17, 48 -6 2000;
18, 50 -6 1000;
19, 57 -6 500;
20, 62 -6 500;
21, 65 -6 500;
22, 57 -6 500;
23, 62 -6 500;
24, 65 -6 500;
25, 48 -6 2000;
26, 50 -6 1000;
27, 57 -6 500;
28, 62 -6 500;
29, 65 -6 500;
30, 57 -6 500;
31, 62 -6 500;
32, 65 -6 500;
33, 47 -6 2000;
34, 50 -6 1000;
35, 55 -6 500;
36, 62 -6 500;
37, 65 -6 500;
38, 55 -6 500;
39, 62 -6 500;
40, 65 -6 500;
41, 47 -6 2000;
42, 50 -6 1000;
43, 55 -6 500;
44, 62 -6 500;
45, 65 -6 500;
46, 55 -6 500;
47, 62 -6 500;
48, 65 -6 500;
49, 48 -6 2000;
50, 52 -6 1000;
51, 55 -6 500;
52, 60 -6 500;
53, 64 -6 500;
54, 55 -3 500;
55, 60 -3 500;
56, 64 -3 500;
57, 48 -6 2000;
58, 52 -6 1000;
59, 55 -6 500;
60, 60 -6 500;
61, 64 -6 500;
62, 55 -3 500;
63, 60 -3 500;
64, 64 -3 500;
65, 60 -6 500;
66, 60 -6 1500;
67, 62 -6 500;
68, 62 -6 1500;
69, 64 -6 500;
70, 64 -6 1500;
71, 67 -6 500;
72, 67 -9 1500;
73, 72 -9 2000;
74, 48 -9 4000;
75, 0 0 0;
